[
    {
        "intrinsic_matrix": [[269.61269233,   0, 158.13850671],
                            [  0,         269.52402037, 124.48516327],
                            [  0,           0,           1        ]],    
        "distortion_coef": [-0.08418665,  -0.02910327,  0.00144069,  0.0025247,  0.52680835],
        "rotation": 0
    },
    {
        "intrinsic_matrix": [[272.23749492,   0, 153.96547061],
                            [  0,         271.85716949, 125.5030155],
                            [  0,           0,           1        ]],    
        "distortion_coef": [-0.12387721,  0.26769884,  0.00316347,  0.00239143,  -0.30745277],
        "rotation": 0
    },
    {
        "intrinsic_matrix": [[271.68875067,   0, 165.80213766],
                            [  0,         271.61911612, 111.30482265],
                            [  0,           0,           1        ]],    
        "distortion_coef": [-0.12749098,  0.44302503,  -0.00295966,  -0.00186736,  -0.81783704],
        "rotation": 0
    },
    {
        "intrinsic_matrix": [[270.10424478,   0, 149.82845498],
                            [  0,         269.75951418, 114.44848971],
                            [  0,           0,           1        ]],    
        "distortion_coef": [-8.40609099e-02,  -1.05115945e-01,  -4.00725641e-03,  -7.63121941e-04,  8.28819771e-01],
        "rotation": 0
    }
]




[{"R":[[1,0,0],[0,1,0],[0,0,1]],"t":[0,0,0]},{"R":[[-0.4136045054836825,-0.345754361474426,0.8422501021460376],[0.25324485780316336,0.8448896130642594,0.47119909139596394],[-0.8745275038784397,0.4081855745338612,-0.26188963649332825]],"t":[-0.5429992860175197,-0.3012805786594778,0.7686874545229999]},{"R":[[-0.9633437221627501,0.175173812243543,-0.20318220511078638],[0.049603680907929895,0.8606302881591696,0.5068086245748473],[0.26364435857799423,0.4781523215536323,-0.8377720510872093]],"t":[0.17401999783248184,-0.2958888700539884,1.236813536698727]},{"R":[[0.43719500484438695,0.14088379569921797,-0.8882636342035495],[-0.13125872629790122,0.987074503121633,0.09195146577316658],[0.8897368568907151,0.0763916317181547,0.45003626975352634]],"t":[0.673610353842751,-0.08377458385215655,0.3805150907434453]}]

[[0.9941338485260931,0.0986512964608827,-0.04433748889242502,0.9938296704767513],[-0.0986512964608827,0.659022672138982,-0.7456252673517598,2.593331619023365],[0.04433748889242498,-0.7456252673517594,-0.6648888236128887,2.9576262456228286],[0,0,0,1]]



// first
[{"R":[[1,0,0],[0,1,0],[0,0,1]],"t":[0,0,0]},{"R":[[-0.4136045054836825,-0.345754361474426,0.8422501021460376],[0.25324485780316336,0.8448896130642594,0.47119909139596394],[-0.8745275038784397,0.4081855745338612,-0.26188963649332825]],"t":[-0.5429992860175197,-0.3012805786594778,0.7686874545229999]},{"R":[[-0.9633437221627501,0.175173812243543,-0.20318220511078638],[0.049603680907929895,0.8606302881591696,0.5068086245748473],[0.26364435857799423,0.4781523215536323,-0.8377720510872093]],"t":[0.17401999783248184,-0.2958888700539884,1.236813536698727]},{"R":[[0.43719500484438695,0.14088379569921797,-0.8882636342035495],[-0.13125872629790122,0.987074503121633,0.09195146577316658],[0.8897368568907151,0.0763916317181547,0.45003626975352634]],"t":[0.673610353842751,-0.08377458385215655,0.3805150907434453]}]

// second
[[0.9941338485260931,0.0986512964608827,-0.04433748889242502,0.9938296704767513],[-0.0986512964608827,0.659022672138982,-0.7456252673517598,2.593331619023365],[0.04433748889242498,-0.7456252673517594,-0.6648888236128887,2.9576262456228286],[0,0,0,1]]


//first
[{"R":[[1,0,0],[0,1,0],[0,0,1]],"t":[0,0,0]},{"R":[[-0.4136045054836825,-0.345754361474426,0.8422501021460376],[0.25324485780316336,0.8448896130642594,0.47119909139596394],[-0.8745275038784397,0.4081855745338612,-0.26188963649332825]],"t":[-0.5429992860175197,-0.3012805786594778,0.7686874545229999]},{"R":[[-0.9633437221627501,0.175173812243543,-0.20318220511078638],[0.049603680907929895,0.8606302881591696,0.5068086245748473],[0.26364435857799423,0.4781523215536323,-0.8377720510872093]],"t":[0.17401999783248184,-0.2958888700539884,1.236813536698727]},{"R":[[0.43719500484438695,0.14088379569921797,-0.8882636342035495],[-0.13125872629790122,0.987074503121633,0.09195146577316658],[0.8897368568907151,0.0763916317181547,0.45003626975352634]],"t":[0.673610353842751,-0.08377458385215655,0.3805150907434453]}]

//second
[[0.9941338485260931,0.0986512964608827,-0.04433748889242502,0.9938296704767513],[-0.0986512964608827,0.659022672138982,-0.7456252673517598,2.593331619023365],[0.04433748889242498,-0.7456252673517594,-0.6648888236128887,2.9576262456228286],[0,0,0,1]]

//best so far


//first
[{"R":[[1,0,0],[0,1,0],[0,0,1]],"t":[0,0,0]},{"R":[[-0.5301945714339691,-0.27120758578155424,0.8033306678052884],[0.20935938138808272,0.8762485988866637,0.4340012008899952],[-0.8216217900267427,0.3982898923694896,-0.40780239796934903]],"t":[-0.5072555043133726,-0.2659032572320412,0.9120730507903813]},{"R":[[-0.9423843032248854,0.1835188634791689,-0.2797010042575127],[0.03718944833910126,0.8883848078007218,0.4575908414742449],[0.3324586740748093,0.4208245002565658,-0.8440248633874664]],"t":[0.27687505413163366,-0.2843761603019802,1.25743215474178]},{"R":[[0.538288824332761,0.06323287563848472,-0.8403848791101265],[-0.08857747540057852,0.995903034418443,0.018198266065690815],[0.8380925798801191,0.06464324771099988,0.5416844820329085]],"t":[0.6178775981273855,-0.046767565065752095,0.3625900007956833]}]

//second
[[-0.9983674047967112,0.04056435863397867,0.040212657809371784,0],[-0.04056435863397867,-0.9991765942601766,0.0008162666530135672,0],[-0.04021265780937178,0.0008162666530135672,-0.9991908105365348,0],[0,0,0,1]]


[{"R":[[1,0,0],[0,1,0],[0,0,1]],"t":[0,0,0]},{"R":[[-0.5301945714339691,-0.27120758578155424,0.8033306678052884],[0.20935938138808272,0.8762485988866637,0.4340012008899952],[-0.8216217900267427,0.3982898923694896,-0.40780239796934903]],"t":[-0.5072555043133726,-0.2659032572320412,0.9120730507903813]},{"R":[[-0.9423843032248854,0.1835188634791689,-0.2797010042575127],[0.03718944833910126,0.8883848078007218,0.4575908414742449],[0.3324586740748093,0.4208245002565658,-0.8440248633874664]],"t":[0.27687505413163366,-0.2843761603019802,1.25743215474178]},{"R":[[0.538288824332761,0.06323287563848472,-0.8403848791101265],[-0.08857747540057852,0.995903034418443,0.018198266065690815],[0.8380925798801191,0.06464324771099988,0.5416844820329085]],"t":[0.6178775981273855,-0.046767565065752095,0.3625900007956833]}]
[[-0.9983674047967112,0.04056435863397867,0.040212657809371784,0],[-0.04056435863397867,-0.9991765942601766,0.0008162666530135672,0],[-0.04021265780937178,0.0008162666530135672,-0.9991908105365348,0],[0,0,0,1]]