[{"R":[[1,0,0],[0,1,0],[0,0,1]],"t":[0,0,0]},{"R":[[-0.46676803098221253,-0.3138280353189735,0.8268249932729544],[0.20205238481229004,0.8723509824489598,0.44517254768460357],[-0.8609892212128177,0.37485427524328363,-0.34377584744594547]],"t":[-0.5366673094328076,-0.2845640228023153,0.9031832111739382]},{"R":[[-0.9612744101880272,0.1341094604906655,-0.24076162676922308],[-0.00036540270206006364,0.8729919762455592,0.48773443172667025],[0.2755927698589449,0.4689346031354215,-0.8391358431050954]],"t":[0.2632204839338414,-0.31437984352339937,1.2965815332622783]},{"R":[[0.4393984438305101,0.10782033526063009,-0.8917980617065792],[-0.1627344695438848,0.9858981824099311,0.039016231789665276],[0.8834288313053841,0.12798261297957542,0.4507482121909344]],"t":[0.6713242123805271,-0.058253098087576484,0.42486252881092046]}]

[[0.9941338485260931,0.0986512964608827,-0.04433748889242502,0.9938296704767513],[-0.0986512964608827,0.659022672138982,-0.7456252673517598,2.593331619023365],[0.04433748889242498,-0.7456252673517594,-0.6648888236128887,2.9576262456228286],[0,0,0,1]]