[
    {
        "R": [
            [
                1,
                0,
                0
            ],
            [
                0,
                1,
                0
            ],
            [
                0,
                0,
                1
            ]
        ],
        "t": [
            [
                0
            ],
            [
                0
            ],
            [
                0
            ]
        ]
    },
    {
        "R": [
            [
                0.4656417778858568,
                -0.15141140477402448,
                0.8719247633266392
            ],
            [
                0.2474249153086674,
                0.9682380241129767,
                0.03600188167583074
            ],
            [
                -0.8496817752010908,
                0.19897184893955533,
                0.4883149868460297
            ]
        ],
        "t": [
            [
                -0.7691200454836932
            ],
            [
                -0.1252278417108802
            ],
            [
                0.43496449023989414
            ]
        ]
    },
    {
        "R": [
            [
                -0.9987232229486054,
                -0.006869804536422386,
                0.05005146069699151
            ],
            [
                0.014124789814411454,
                0.9132335321000797,
                0.40719163285259885
            ],
            [
                -0.04850596423297571,
                0.4073786221345159,
                -0.9119704430178306
            ]
        ],
        "t": [
            [
                -0.10138217967165271
            ],
            [
                -0.4218997446150533
            ],
            [
                1.4850625338761347
            ]
        ]
    },
    {
        "R": [
            [
                -0.3055687821751185,
                0.2164171498496792,
                -0.9272495866780162
            ],
            [
                -0.2662120125665055,
                0.9155746020344826,
                0.30142058962106866
            ],
            [
                0.9141986714858295,
                0.338949660947792,
                -0.2221581313993255
            ]
        ],
        "t": [
            [
                0.700370730597649
            ],
            [
                -0.30377512598650946
            ],
            [
                1.0280273635002777
            ]
        ]
    }
]