[
    {
        "R": [
            [
                -0.8618331,
                7.450581e-9,
                -0.5071923
            ],
            [
                -0.14180309,
                0.9601211,
                0.24095514
            ],
            [
                0.486966,
                0.2795845,
                -0.8274641
            ]
        ],
        "t": [
            [
                0.40503474
            ],
            [
                -0.431647
            ],
            [
                0.6000001400000001
            ]
        ]
    },
    {
        "R": [
            [
                -0.850157,
                1.8626451e-8,
                0.52652943
            ],
            [
                0.09008469,
                0.9852552,
                0.14545457
            ],
            [
                -0.5187658,
                0.17109145,
                -0.83762157
            ]
        ],
        "t": [
            [
                -0.43221800000000005
            ],
            [
                -0.43035660000000003
            ],
            [
                0.6000001
            ]
        ]
    },
    {
        "R": [
            [
                0.83510876,
                1.1175871e-8,
                0.5500849
            ],
            [
                0.074800774,
                0.9907115,
                -0.11355846
            ],
            [
                -0.54497546,
                0.13598043,
                0.8273518
            ]
        ],
        "t": [
            [
                -0.4115335
            ],
            [
                -0.4221473600000001
            ],
            [
                -0.6000001400000001
            ]
        ]
    },
    {
        "R": [
            [
                0.74628246,
                1.4901161e-8,
                -0.6656293
            ],
            [
                -0.15128975,
                0.97382754,
                -0.16962124
            ],
            [
                0.6482082,
                0.22728826,
                0.72675043
            ]
        ],
        "t": [
            [
                0.46124286000000003
            ],
            [
                -0.43562526000000007
            ],
            [
                -0.6000001
            ]
        ]
    }
]