[
    {
        "R": [
            [
                1,
                0,
                0
            ],
            [
                0,
                1,
                0
            ],
            [
                0,
                0,
                1
            ]
        ],
        "t": [
            [
                0
            ],
            [
                0
            ],
            [
                0
            ]
        ]
    },
    {
        "R": [
            [
                0.42875885812009135,
                -0.2421588305912347,
                0.8703590881643284
            ],
            [
                0.15541792495722054,
                0.9688139044292223,
                0.19298934474886892
            ],
            [
                -0.8899500605008954,
                0.05252351236628881,
                0.4530233663544974
            ]
        ],
        "t": [
            [
                -0.6591285361608913
            ],
            [
                -0.043671214881990744
            ],
            [
                0.6000534661871276
            ]
        ]
    },
    {
        "R": [
            [
                -0.9715083568151248,
                -0.05296505526180127,
                0.23101128881396812
            ],
            [
                0.04737919632251508,
                0.9116328169893706,
                0.4082656227798973
            ],
            [
                -0.23222128324985378,
                0.4075785935364358,
                -0.883149458300605
            ]
        ],
        "t": [
            -0.08831869133856607,
            -0.15379236773129423,
            1.4564293521916798
        ]
    },
    {
        "R": [
            [
                -0.3191704436507617,
                0.2547489563377422,
                -0.9128160806781435
            ],
            [
                -0.22120275673186598,
                0.9165629298600755,
                0.3331392141741001
            ],
            [
                0.921520248455778,
                0.3082456242205964,
                -0.23618862554080794
            ]
        ],
        "t": [
            0.6804468494579395,
            -0.17150260126833697,
            0.9910185755251584
        ]
    }
]