[
    {
        "R": [
            [
                1,
                0,
                0
            ],
            [
                0,
                1,
                0
            ],
            [
                0,
                0,
                1
            ]
        ],
        "t": [
            [
                0
            ],
            [
                0
            ],
            [
                0
            ]
        ]
    },
    {
        "R": [
            [
                0.5558586507861045,
                0.1946480125825818,
                -0.8081666298353164
            ],
            [
                -0.31319574956686574,
                0.9495955343781847,
                0.013294676960810697
            ],
            [
                0.7700192100668728,
                0.24572438505161098,
                0.5888038183116303
            ]
        ],
        "t": [
            [
                0.659559494995122
            ],
            [
                -0.08802947062307998
            ],
            [
                0.3520937325196223
            ]
        ]
    },
    {
        "R": [
            [
                -0.9937665940234627,
                0.0798483655485253,
                -0.07779582777825822
            ],
            [
                0.03633174079250037,
                0.8917142727766694,
                0.45113818249608173
            ],
            [
                0.10539429744834544,
                0.4454995982378897,
                -0.8890568915286797
            ]
        ],
        "t": [
            [
                0.09851946831602865
            ],
            [
                -0.4135995834807085
            ],
            [
                1.393776496555113
            ]
        ]
    },
    {
        "R": [
            [
                -0.37303246767794657,
                -0.211188435343039,
                0.9034634562287978
            ],
            [
                0.34852999626191533,
                0.8705410024466415,
                0.34739777258188803
            ],
            [
                -0.8598683811478671,
                0.4444747530869689,
                -0.2511345596313195
            ]
        ],
        "t": [
            [
                -0.6336051502332962
            ],
            [
                -0.3126701771454959
            ],
            [
                0.9979788631133331
            ]
        ]
    }
]